          Survived    Pclass       Age     SibSp     Parch      Fare
Survived  1.000000 -0.356462 -0.082446 -0.015523  0.095265  0.266100
Pclass   -0.356462  1.000000 -0.365902  0.065187  0.023666 -0.552893
Age      -0.082446 -0.365902  1.000000 -0.307351 -0.187896  0.093143
SibSp    -0.015523  0.065187 -0.307351  1.000000  0.383338  0.139860
Parch     0.095265  0.023666 -0.187896  0.383338  1.000000  0.206624
Fare      0.266100 -0.552893  0.093143  0.139860  0.206624  1.000000
